10
9
0
3
4
3
2
14
8
9
8
3
11
6
12
6
7
4
8
13
5
4
7
8
7
10
8
12
13
4
2
5
1
8
4
3
5
6
10
6
2
8
9
6
13
8
0
1
0
10
14
13
10
3
2
1
7
10
9
9
13
4
7
8
5
1
7
1
14
5
7
3
2
9
5
13
14
14
10
14
1
14
0
3
2
9
10
2
5
6
13
1
10
2
10
0
4
7
10
14
2
8
12
3
8
13
10
10
10
2
11
2
9
1
5
5
3
12
7
5
13
14
4
14
7
6
6
13
4
2
0
9
0
5
9
9
3
7
9
1
3
13
9
9
10
7
1
7
6
5
3
3
14
0
13
9
2
14
13
10
5
7
2
6
6
7
5
13
1
13
9
14
9
6
0
1
6
2
9
9
12
2
3
4
2
12
11
10
0
0
9
14
8
13
0
2
12
2
5
13
5
14
3
9
3
6
14
10
2
10
3
12
10
4
13
2
2
0
6
3
13
8
12
9
0
1
1
9
8
2
5
13
9
2
10
2
2
8
9
13
13
14
13
9
1
4
0
4
7
0
5
6
14
14
10
2
8
1
9
14
8
1
14
8
6
8
6
2
2
7
13
1
3
7
2
6
8
0
9
3
10
