11
10
10
10
14
14
9
10
1
12
12
2
3
1
4
14
2
2
12
8
13
2
13
8
2
2
10
10
6
9
3
1
8
1
12
9
2
1
2
3
13
13
1
11
9
11
13
6
0
10
14
9
2
1
13
7
14
0
8
13
5
12
13
4
13
5
13
10
2
3
5
8
10
7
10
13
10
3
6
4
13
2
14
1
3
12
5
0
13
7
2
13
13
2
7
8
7
6
10
7
13
7
14
2
7
8
10
4
6
4
14
13
12
9
3
10
9
1
7
14
8
9
10
14
10
13
8
6
9
3
2
0
1
3
7
10
2
5
13
12
14
1
13
7
3
3
14
1
0
9
0
1
1
13
2
13
14
2
11
1
2
8
2
3
9
9
2
7
8
11
14
11
6
14
14
4
8
3
2
5
12
7
3
14
6
7
2
5
10
3
10
3
7
10
14
6
14
5
4
2
0
2
12
3
11
10
5
2
6
2
2
4
14
6
2
13
9
1
3
2
0
8
13
10
6
4
2
14
4
14
11
4
9
1
5
7
4
11
10
10
9
13
10
14
4
11
7
9
14
11
6
13
9
7
8
5
4
5
4
10
0
9
13
2
12
1
5
14
13
2
10
3
14
12
12
3
2
2
14
5
2
12
14
3
12
3
8
3
11
3
12
12
8
13
2
6
6
8
8
2
5
10
1
14
5
7
13
6
9
4
8
3
1
9
11
10
7
5
1
8
9
4
10
6
8
9
8
14
10
2
14
8
2
6
3
0
12
5
1
13
14
2
5
8
5
1
2
2
9
6
5
2
6
10
13
14
8
3
12
6
9
5
5
14
13
5
9
8
3
14
9
6
9
13
4
7
1
6
14
12
8
3
4
13
14
9
12
3
13
8
9
7
6
5
1
3
14
4
5
14
8
12
14
1
13
10
8
8
0
11
7
2
3
3
7
11
3
7
9
5
11
3
13
4
14
2
0
6
10
2
5
0
4
2
2
10
8
8
14
13
9
10
6
5
14
4
2
1
8
6
13
1
6
13
9
1
9
7
13
8
9
12
13
3
6
4
4
5
6
8
4
11
14
0
7
0
3
0
14
8
1
8
2
7
3
11
2
9
6
14
13
5
13
7
11
10
10
11
8
9
6
0
11
0
1
8
14
14
5
5
2
14
1
13
2
0
1
14
5
13
10
4
13
0
11
9
9
10
4
10
7
6
8
2
8
13
4
0
7
5
9
13
9
13
9
9
11
3
9
10
3
13
1
2
1
9
6
6
14
3
3
4
5
5
1
2
5
1
9
4
