SVM
10
5
0
3
4
3
2
14
8
9
8
3
11
6
12
6
7
4
8
13
5
4
7
8
7
10
8
12
13
4
2
5
1
8
4
3
5
6
10
6
2
8
9
6
13
10
7
1
0
10
14
13
10
3
2
1
7
10
9
9
13
4
7
8
5
1
7
1
14
5
7
3
2
9
5
13
14
14
10
14
1
8
11
3
2
9
10
2
5
6
13
1
10
2
2
0
4
7
10
14
2
8
12
3
8
13
10
10
10
2
12
2
9
1
5
5
3
11
7
5
13
14
4
14
7
6
6
13
4
2
0
9
0
5
9
9
3
7
9
1
3
13
9
9
10
7
1
7
6
5
3
3
14
0
14
9
2
14
13
10
5
7
2
6
6
7
5
13
1
13
9
14
9
6
12
1
6
2
9
9
11
2
3
4
2
12
11
10
0
0
10
14
8
13
0
2
12
2
5
13
5
14
3
9
3
6
14
10
2
10
3
12
10
4
13
2
2
11
6
3
13
8
12
9
0
1
1
14
8
2
5
13
14
2
10
2
2
8
9
13
13
14
13
9
1
4
0
4
12
0
5
6
14
14
10
2
8
1
9
14
8
1
9
8
6
8
6
2
2
7
13
1
3
7
2
6
8
0
9
3
10
KNN
10
5
0
3
4
3
2
14
1
9
8
3
11
6
12
6
7
4
8
13
5
4
7
8
7
10
8
12
13
4
2
5
1
8
4
3
5
6
10
6
2
8
9
6
13
2
2
4
0
10
14
13
10
3
2
1
7
10
9
9
13
4
7
5
5
1
7
1
14
5
7
3
2
9
5
13
14
14
10
14
1
14
11
3
2
9
10
2
5
6
13
1
10
2
2
2
1
7
5
14
2
8
12
3
8
13
10
10
10
2
12
2
9
1
5
5
3
11
7
5
13
14
4
14
7
6
6
13
4
2
0
9
0
10
9
9
3
7
9
4
3
13
9
9
10
7
9
7
6
5
3
3
14
0
13
9
2
14
13
10
5
7
2
6
6
7
5
13
1
13
9
14
9
6
12
1
6
2
9
9
10
2
3
4
2
12
11
9
0
0
9
14
8
13
0
2
12
2
5
13
5
14
3
9
3
6
14
10
2
10
3
12
10
4
13
2
2
4
6
3
13
8
12
9
11
1
1
14
8
2
5
13
14
2
10
2
2
8
9
13
13
1
13
10
1
4
0
4
7
0
5
6
14
14
10
2
8
1
9
14
8
1
9
8
6
8
6
2
2
7
13
1
3
7
2
6
8
0
9
3
10
Bayes
10
5
0
3
4
3
2
14
8
9
8
3
12
6
12
6
7
4
8
13
5
4
7
8
7
10
8
12
13
4
2
5
1
8
4
3
5
6
10
6
2
8
9
6
13
5
2
4
0
5
14
13
10
3
2
1
7
10
9
9
13
4
7
5
10
1
7
1
14
5
7
3
2
9
5
13
14
14
10
14
4
8
11
3
2
9
10
2
5
6
12
1
10
2
5
2
1
7
5
14
2
8
12
3
8
13
2
10
10
2
12
2
9
1
5
5
3
11
7
5
13
14
4
14
7
6
6
1
4
2
0
9
0
5
9
14
3
7
9
1
3
13
9
9
10
7
9
7
6
5
3
3
14
0
5
9
2
14
13
10
5
7
2
6
6
7
5
13
1
13
9
14
14
6
12
1
7
2
9
9
11
2
3
4
2
12
11
5
0
0
9
5
8
13
0
2
12
2
5
13
5
14
3
14
3
6
14
10
2
10
3
12
10
4
13
2
2
0
6
3
13
8
12
9
11
1
1
14
5
2
5
13
14
2
10
2
2
8
9
13
13
8
13
9
1
4
0
4
7
0
5
6
14
14
10
2
5
1
9
14
8
1
8
8
6
8
6
2
2
7
13
1
3
7
2
6
8
0
9
3
10
