10
12
10
0
1
12
1
1
0
14
10
12
10
12
12
3
12
6
12
10
10
12
13
6
9
6
1
13
6
3
3
13
4
8
2
1
3
11
10
10
0
3
7
8
4
9
1
3
3
9
2
11
7
7
6
8
13
4
6
1
0
9
0
9
7
10
5
2
12
1
9
5
4
7
10
4
9
6
11
11
8
9
10
9
12
8
9
0
2
4
3
13
10
9
13
2
4
6
9
1
12
0
4
8
4
9
0
3
14
6
6
3
7
6
2
12
11
13
7
7
7
0
1
6
1
4
1
7
0
14
9
2
7
13
0
12
0
0
2
13
3
3
2
9
14
12
7
1
3
3
6
9
6
3
11
9
2
0
11
13
1
14
6
4
13
12
9
1
10
7
10
0
11
6
9
6
9
3
1
10
0
2
10
0
14
7
10
6
9
9
0
6
5
10
14
6
12
4
6
4
1
0
14
8
2
4
12
1
14
2
9
7
2
14
14
1
13
1
9
11
13
9
6
12
0
2
0
11
14
1
6
1
10
12
7
6
11
10
5
10
