12
14
6
0
6
10
9
9
11
4
5
8
14
8
2
1
1
0
1
9
2
11
0
0
6
10
12
4
1
9
10
2
4
13
6
9
2
11
10
1
8
14
14
13
11
10
0
9
0
9
2
3
0
4
1
11
12
10
7
10
13
7
8
4
12
7
13
14
1
0
1
5
10
13
8
6
1
0
10
6
0
6
12
7
6
3
9
0
4
4
4
7
0
12
3
4
12
6
7
0
7
1
5
1
5
9
1
6
1
12
5
13
3
0
6
4
5
10
6
12
11
12
6
2
2
12
0
0
4
8
2
11
8
6
1
12
3
4
4
6
3
4
7
0
3
13
7
9
14
1
12
0
6
6
6
6
4
1
6
2
12
3
8
7
13
5
13
4
1
3
14
0
6
6
8
2
12
5
0
13
9
9
9
9
7
14
14
1
0
9
0
7
11
0
1
9
10
1
14
9
14
12
9
11
12
13
6
3
10
8
6
11
0
9
14
3
14
0
2
9
0
7
13
7
1
6
8
5
12
2
2
4
11
4
5
12
2
4
11
3
7
10
9
1
3
0
14
1
9
3
9
13
5
0
12
10
9
5
12
3
6
7
12
3
4
12
13
4
2
9
9
9
3
3
1
0
2
1
5
3
2
6
12
0
10
12
0
1
6
11
2
1
3
7
7
11
13
13
14
6
10
4
12
6
12
0
3
0
1
5
9
10
11
4
0
7
9
8
9
4
3
1
1
11
7
4
12
0
1
1
1
7
6
6
6
0
13
10
8
10
11
10
3
1
5
6
14
13
6
8
10
4
10
10
3
14
0
7
0
1
8
12
4
5
7
1
11
12
7
3
3
6
10
10
1
9
14
12
3
0
9
11
9
14
9
6
7
7
4
1
14
2
10
0
1
9
9
0
2
10
13
0
2
11
0
7
2
1
10
14
2
1
9
6
10
4
2
9
0
7
3
7
4
10
13
2
4
12
8
9
4
7
5
2
3
0
2
14
14
2
3
2
1
1
1
1
0
13
4
2
6
9
0
13
5
3
0
7
6
7
10
2
5
9
12
9
0
13
1
13
10
0
6
12
8
6
2
11
14
14
6
6
11
0
1
9
11
3
1
9
6
9
5
2
12
12
7
1
10
1
7
9
9
5
12
6
6
5
14
11
6
2
13
5
8
13
13
14
1
4
0
10
3
1
2
11
7
13
4
2
12
0
1
13
12
12
0
4
8
6
6
8
3
4
8
6
9
11
2
1
14
0
7
0
11
0
6
2
12
12
12
2
4
7
8
14
13
0
6
1
2
4
6
2
12
9
11
0
11
10
12
3
10
1
4
12
0
2
2
2
3
9
7
9
0
13
12
0
9
2
0
2
0
9
0
12
7
14
0
1
10
7
12
8
13
12
6
1
1
9
1
2
6
9
2
13
6
3
10
0
13
3
14
11
12
12
1
3
3
4
6
13
10
3
6
13
10
10
14
5
5
2
6
0
2
1
11
10
3
1
2
4
2
0
1
10
8
0
14
1
7
3
8
1
14
3
5
4
8
14
