SVM
10
14
3
4
8
3
8
2
8
3
6
13
14
8
12
7
8
7
8
5
2
14
4
4
12
14
13
6
4
8
14
3
8
5
14
8
13
13
3
13
8
7
8
8
8
7
10
7
10
8
6
13
8
3
12
2
13
8
8
8
2
3
14
8
2
6
14
10
7
12
2
7
13
10
8
10
2
2
7
2
2
10
13
1
10
14
8
10
7
8
8
14
8
7
8
10
7
12
8
13
2
8
10
2
10
3
8
10
13
14
7
8
4
8
7
8
10
2
12
7
10
8
12
7
13
3
2
6
13
2
3
13
3
8
8
8
14
9
5
8
2
6
14
14
10
3
2
10
2
14
14
14
4
7
8
8
13
3
4
14
0
2
14
10
14
9
14
4
8
8
13
8
8
8
5
12
8
6
5
8
7
2
12
3
2
4
2
12
2
13
10
8
8
2
8
4
8
2
3
6
12
8
10
8
8
8
2
12
5
10
2
8
8
2
8
14
14
0
14
14
12
3
7
2
7
8
6
10
10
8
8
8
14
14
4
6
4
10
5
7
8
3
10
12
10
13
10
8
8
8
2
5
5
8
4
10
8
8
2
8
5
2
13
8
7
2
10
10
14
5
2
8
7
7
3
2
3
13
2
14
7
KNN
10
14
3
4
2
3
4
2
8
3
6
13
14
13
11
7
1
7
1
5
2
14
4
4
11
4
13
6
4
2
14
3
8
2
14
4
13
13
3
13
2
13
1
1
8
13
4
13
10
4
6
13
8
3
12
2
5
1
4
1
2
1
14
1
2
4
14
4
7
12
2
7
5
10
1
10
2
2
13
14
2
10
1
1
10
14
8
9
7
4
1
9
4
7
1
6
13
12
10
13
2
8
2
14
8
3
8
2
13
8
7
0
4
1
13
4
10
2
12
7
8
8
12
13
13
3
2
6
13
2
3
13
3
4
1
6
14
9
9
13
2
6
14
9
4
3
2
10
0
9
14
14
4
7
8
5
13
3
9
14
0
2
9
8
9
9
14
4
1
1
13
5
4
6
10
12
8
6
14
1
7
2
11
3
2
1
2
11
2
5
13
4
1
2
4
1
1
2
3
6
11
4
13
2
10
1
2
11
5
5
14
8
14
2
4
14
9
0
4
9
12
3
7
2
13
0
6
10
13
4
8
1
4
4
4
6
4
10
5
13
1
3
10
12
5
5
10
8
8
4
2
5
10
4
4
8
8
1
2
2
5
2
13
13
13
14
10
10
14
5
2
4
7
7
3
2
3
13
2
9
7
Bayes
10
14
3
4
2
3
2
2
8
3
6
13
14
13
12
7
2
7
2
2
2
14
14
4
12
2
13
7
2
2
14
3
14
2
14
2
13
13
3
13
2
13
2
2
2
7
2
13
10
13
6
13
8
3
12
2
13
2
2
2
2
3
14
13
2
13
14
10
7
13
2
7
13
14
2
10
2
2
13
2
2
10
13
3
10
14
2
14
7
14
2
14
2
7
2
14
7
12
2
13
2
2
2
2
10
3
2
2
13
14
7
2
4
2
13
10
10
2
12
7
10
14
12
7
13
3
2
6
13
2
3
13
3
2
2
2
14
9
2
2
2
7
14
14
2
3
2
14
2
14
14
14
4
7
2
2
13
3
4
14
2
2
14
10
14
9
3
4
2
10
13
2
2
6
2
12
13
6
2
2
7
2
12
3
2
3
2
12
2
13
13
13
10
2
13
3
2
2
3
6
12
2
13
2
2
8
2
12
2
14
2
2
14
2
14
14
14
13
14
14
12
3
7
2
13
2
6
10
13
2
8
10
2
2
4
13
4
10
2
13
2
3
10
12
14
13
10
14
14
2
2
2
2
2
4
10
8
2
2
2
2
2
13
13
13
2
10
14
14
2
2
2
7
7
3
2
3
13
2
14
7
