8
0
9
3
3
8
9
2
6
1
4
13
13
4
5
13
7
1
9
10
4
6
6
14
3
3
2
8
12
2
5
14
12
10
2
6
0
2
5
10
11
8
14
2
11
8
1
4
13
12
0
9
6
1
7
3
6
9
14
9
8
8
3
2
0
6
2
5
9
9
10
9
10
5
14
6
8
6
6
10
8
3
2
9
0
0
10
6
11
12
5
1
13
1
3
2
14
12
10
6
8
6
3
13
10
6
13
3
0
3
5
13
13
8
14
4
6
4
13
11
1
3
12
12
9
7
4
14
2
10
2
1
14
13
10
2
2
8
14
9
13
14
10
4
14
9
3
14
13
10
1
2
0
2
14
1
4
14
9
3
0
14
2
9
0
7
8
4
10
10
8
4
10
5
8
0
8
2
10
8
6
8
1
0
5
6
5
3
0
13
12
10
4
7
10
2
13
6
9
11
6
2
8
8
2
14
12
0
10
9
13
2
0
3
1
10
0
6
1
6
11
0
6
11
5
6
2
3
2
4
9
1
8
12
5
5
8
14
0
14
10
13
3
4
5
4
12
3
5
3
8
1
12
5
10
2
7
5
14
12
4
14
3
1
1
10
9
5
13
8
9
5
7
11
11
1
2
9
7
9
5
13
13
4
3
7
10
3
5
0
11
8
9
5
9
11
9
8
13
3
8
4
11
3
11
9
7
3
1
13
14
9
5
6
14
3
11
7
1
8
6
1
9
9
6
4
3
14
