0
1
14
9
8
6
11
9
4
10
2
10
14
1
2
2
11
12
3
14
7
2
13
14
14
3
7
0
13
3
4
4
5
14
9
4
8
3
13
3
2
4
10
10
13
3
3
8
3
0
10
14
4
1
4
13
9
6
9
4
10
13
6
10
5
8
8
6
8
6
12
2
13
2
5
13
14
10
10
12
2
9
13
10
10
9
2
0
0
3
3
7
2
9
2
4
0
2
9
14
2
2
8
13
11
13
12
6
13
8
10
2
2
3
2
5
7
5
2
4
13
14
14
0
7
9
2
13
3
14
3
2
13
14
9
8
13
9
2
8
8
3
7
10
2
13
14
5
8
14
14
7
4
12
14
14
3
5
1
1
0
11
4
12
4
5
3
10
1
3
4
1
6
7
1
9
11
9
4
12
0
6
1
7
2
9
5
2
10
7
14
12
5
2
9
3
14
10
1
2
2
13
13
5
13
8
14
13
14
4
6
3
11
14
3
13
7
5
0
3
14
7
9
1
8
13
4
2
6
4
10
2
2
5
14
3
11
10
12
3
13
10
0
5
1
4
1
7
6
6
13
10
6
9
7
6
8
13
8
14
2
1
7
2
0
10
14
13
2
14
5
2
9
11
1
3
10
9
7
7
7
2
3
14
11
3
9
12
8
13
0
1
5
13
5
8
1
3
2
14
1
2
7
3
10
10
5
14
2
9
5
3
6
14
8
9
6
2
2
12
3
4
8
1
13
1
9
13
10
14
14
5
3
1
6
10
5
1
5
1
8
10
8
5
1
4
14
10
4
11
8
2
8
9
0
8
1
1
13
9
8
11
13
1
13
10
3
8
0
13
9
3
2
9
14
7
5
0
14
2
1
9
9
6
4
3
1
6
4
6
13
1
5
10
6
10
12
14
5
6
2
9
12
12
3
13
6
3
6
13
5
11
12
3
2
6
5
2
8
9
13
2
7
14
7
1
14
7
8
8
5
3
10
11
2
14
1
1
7
6
8
2
2
10
6
8
10
9
11
2
2
6
0
9
10
5
1
13
1
9
13
13
4
13
13
8
10
9
2
12
11
12
8
12
8
6
10
1
12
9
8
10
5
3
5
8
8
6
7
9
14
5
7
5
9
9
13
9
7
14
5
10
0
1
2
7
6
10
12
2
4
9
8
2
2
2
1
10
8
9
14
1
12
6
4
4
12
4
13
5
3
14
14
13
5
4
4
10
3
7
9
13
13
13
14
1
9
10
14
3
7
7
7
2
10
2
8
8
11
3
6
7
9
9
2
6
3
13
5
1
