SVM
2
4
8
8
4
12
1
7
9
14
7
8
1
2
7
2
2
2
3
9
5
14
14
2
14
10
12
2
12
8
3
1
7
14
8
7
10
7
12
3
6
3
1
10
12
2
6
1
1
14
14
5
3
5
8
3
2
9
8
6
3
2
14
12
2
10
14
14
8
1
10
14
1
14
6
9
8
10
12
7
10
14
9
14
14
1
2
2
5
12
3
7
7
12
10
8
2
9
7
1
3
8
2
2
7
14
8
14
13
14
8
1
1
7
8
8
3
3
3
10
13
7
13
1
10
13
12
8
8
5
4
2
6
9
2
12
5
8
5
7
1
14
12
12
14
7
9
9
7
7
1
8
3
2
8
7
12
5
7
7
14
14
8
13
14
2
12
8
8
0
14
12
7
10
5
3
3
8
10
9
9
14
8
14
7
8
0
2
13
2
2
14
8
12
1
2
1
14
14
12
7
6
8
10
13
14
14
2
3
7
13
8
14
13
2
3
12
2
2
8
3
12
8
13
12
8
12
9
2
7
14
7
2
2
1
10
14
7
13
5
14
14
5
5
5
5
8
14
12
4
14
8
8
1
7
8
14
2
6
14
1
3
2
3
2
2
3
7
5
13
10
8
8
5
13
10
6
3
8
12
8
KNN
14
4
2
1
9
11
1
7
10
10
7
2
1
2
7
2
2
2
3
9
5
9
14
2
10
10
11
2
12
8
3
1
13
5
1
7
10
7
12
3
6
3
4
13
11
14
6
4
1
5
14
5
3
5
1
3
2
10
1
7
3
2
9
12
2
8
14
14
8
1
2
10
4
9
6
9
4
10
12
7
10
14
9
14
14
1
2
2
13
12
3
7
7
11
10
0
2
5
13
1
3
1
2
2
13
9
10
14
13
14
9
1
1
13
8
5
3
3
3
10
1
7
13
13
2
13
12
1
8
5
4
2
6
0
2
12
5
5
2
7
4
14
11
12
10
7
10
9
13
7
13
2
3
2
1
7
11
5
7
7
14
14
8
13
9
14
12
1
14
0
10
12
7
8
5
3
3
2
10
9
9
14
8
5
13
0
0
14
13
2
2
14
0
12
1
0
1
6
14
12
7
6
6
10
13
14
14
2
3
7
7
2
9
13
2
3
12
2
2
7
3
12
10
13
11
8
12
9
2
7
14
7
2
2
1
10
9
13
13
13
10
6
13
13
9
13
8
9
11
4
10
8
14
1
7
0
6
2
6
9
13
3
2
3
2
2
1
7
13
13
10
6
8
5
13
10
6
3
1
11
8
Bayes
2
9
2
13
9
12
3
7
2
14
7
2
2
2
7
2
2
2
3
9
2
2
14
2
9
10
12
2
12
9
3
2
13
14
2
7
10
7
12
3
7
3
2
13
12
2
6
2
2
14
14
13
3
2
2
3
2
10
13
7
3
2
14
12
2
10
14
14
14
1
2
2
5
14
13
2
13
10
12
7
10
14
9
14
14
2
2
2
13
12
3
7
7
12
10
2
2
2
13
3
3
2
2
2
13
9
2
14
13
9
2
2
13
13
2
2
3
3
3
10
13
13
13
13
2
13
12
2
13
2
9
2
6
2
2
12
2
2
2
7
13
14
12
12
2
7
9
9
7
13
2
2
3
2
2
13
12
2
7
7
13
2
2
13
14
2
12
2
14
13
9
12
7
10
13
3
3
2
10
9
2
14
2
2
13
2
2
2
13
2
2
14
2
12
2
2
3
13
14
12
13
6
2
10
13
14
9
2
3
7
13
2
14
13
2
3
12
2
2
13
3
12
2
13
12
8
12
9
2
7
14
7
2
2
1
10
14
13
13
13
14
14
13
13
2
2
14
9
12
9
2
14
2
1
7
2
14
2
6
9
13
3
2
3
2
2
3
7
13
13
10
2
14
2
13
2
6
3
2
12
2
