3
1
6
2
6
13
4
12
8
2
1
9
2
9
3
6
1
9
13
12
2
1
3
2
12
1
6
14
3
8
10
2
13
4
1
1
9
14
10
14
12
14
1
12
12
1
10
2
7
7
9
7
5
7
13
9
12
6
0
6
0
4
1
5
4
12
4
14
4
5
4
7
2
2
7
11
1
13
12
7
1
10
4
4
1
7
4
1
7
9
5
5
6
1
2
6
10
1
5
10
3
12
1
1
8
11
9
0
2
0
6
14
6
0
1
14
10
5
0
6
3
12
8
11
4
10
14
11
9
9
12
2
6
6
8
0
10
12
6
10
12
11
6
13
1
12
6
0
10
1
14
12
9
12
0
0
1
0
4
1
3
2
3
0
1
3
13
4
10
2
7
6
3
0
14
6
9
1
9
1
1
0
0
9
4
12
12
13
3
9
12
12
13
7
8
1
9
3
0
10
14
0
6
1
8
14
4
10
9
9
12
4
5
0
7
9
9
14
1
10
0
1
13
0
11
11
6
13
9
2
3
10
3
0
3
0
0
6
13
3
