1
6
6
0
3
13
1
7
2
1
12
4
2
9
12
6
12
3
9
6
2
4
0
13
2
6
7
4
9
11
12
12
4
10
4
9
0
9
1
5
6
0
0
13
3
6
3
0
11
12
8
8
13
6
12
10
1
10
3
10
1
9
1
14
13
11
1
4
7
8
10
0
13
2
1
7
2
8
6
6
2
12
12
4
13
7
12
4
10
9
3
13
2
12
12
6
9
1
12
13
0
10
0
2
0
9
13
11
1
0
5
2
7
9
14
4
0
7
14
14
0
7
11
10
0
4
7
11
12
10
10
9
11
0
0
5
8
6
14
6
9
10
7
2
12
11
13
4
10
4
6
13
0
2
13
8
8
14
0
4
6
14
0
9
2
9
4
0
2
14
10
9
4
2
10
10
0
6
9
7
2
13
10
0
10
9
4
10
14
3
9
4
9
1
1
10
1
2
7
6
14
8
5
3
12
10
13
9
8
4
1
9
9
10
8
13
6
1
6
0
12
6
10
13
1
12
10
9
0
2
7
12
6
8
8
2
5
1
6
11
12
12
10
9
6
3
6
12
3
9
9
1
10
0
6
3
3
7
3
14
2
4
1
5
9
7
6
0
9
14
8
9
7
2
0
1
14
6
4
3
13
7
6
3
9
14
0
9
13
1
0
7
2
1
10
0
13
0
12
7
4
2
9
9
13
4
6
5
7
7
1
2
14
2
6
0
1
6
3
10
0
13
12
3
4
1
4
2
12
13
0
12
0
3
0
1
11
7
0
14
4
14
10
1
9
1
8
2
0
11
3
9
6
7
2
3
2
14
14
10
6
7
8
2
11
11
6
9
6
12
13
4
13
14
1
9
14
6
7
3
11
13
10
10
6
5
11
0
10
13
10
13
0
5
11
3
11
2
0
9
8
4
10
0
11
5
3
14
3
0
9
12
1
6
2
7
6
7
13
1
0
7
5
9
11
14
9
5
2
5
6
10
4
3
2
11
2
8
7
14
3
12
7
3
0
10
2
14
9
12
11
5
10
0
1
12
11
3
13
11
10
3
11
0
7
7
9
4
10
0
12
9
3
2
4
6
1
12
13
0
0
0
1
6
0
4
0
1
0
7
2
5
12
14
12
4
12
4
0
8
12
11
7
7
5
5
1
3
2
9
10
8
2
7
3
9
8
6
8
0
13
6
4
0
3
10
12
1
2
8
1
0
11
9
6
13
0
3
2
11
8
10
7
11
13
1
8
3
6
12
7
7
7
2
4
6
12
3
0
