SVM
10
2
6
13
11
2
10
3
14
4
2
10
13
0
3
10
10
5
11
14
10
6
13
9
13
5
6
14
5
2
14
1
14
1
9
10
7
13
13
8
13
14
4
0
3
1
1
8
13
13
13
8
6
12
2
8
13
8
10
2
13
10
5
10
0
13
3
14
7
8
12
3
5
13
2
3
5
2
10
9
7
6
14
13
6
8
10
4
0
11
13
9
12
12
8
9
6
1
9
6
3
13
14
10
3
3
10
13
8
1
5
1
5
5
12
10
14
2
6
2
7
1
2
7
6
10
2
6
5
0
7
2
2
7
2
14
9
13
13
1
9
1
7
10
7
3
0
0
2
0
13
0
10
11
14
3
7
3
1
9
6
10
9
13
9
12
7
2
3
6
12
14
5
7
3
9
2
5
10
13
6
9
10
13
9
3
4
11
10
1
14
3
13
4
13
5
2
11
6
3
0
12
11
8
9
9
8
3
8
7
10
3
10
0
1
13
7
3
9
2
2
13
3
13
0
8
2
12
13
3
8
2
14
2
13
5
10
3
5
8
9
13
2
0
4
6
10
2
3
13
10
8
2
14
8
5
6
2
1
1
6
7
11
8
0
1
14
8
13
2
10
3
2
13
3
8
10
9
4
2
14
KNN
10
2
6
13
11
2
10
3
14
4
2
10
13
2
3
10
10
5
11
14
4
13
13
9
13
5
6
14
5
2
14
1
14
1
9
10
7
13
13
8
13
13
4
0
3
1
1
8
13
13
13
8
6
12
2
8
13
8
12
2
13
12
5
10
0
13
3
14
7
8
12
3
5
13
2
3
5
2
10
9
7
6
14
13
6
8
10
4
0
11
13
9
12
12
8
9
6
1
9
6
3
13
14
10
3
3
10
13
2
1
5
1
5
5
12
10
14
2
6
2
7
4
2
7
6
10
2
6
13
0
7
2
2
7
2
14
9
13
13
1
9
1
7
10
7
3
0
0
2
0
13
0
10
0
14
3
7
3
1
9
6
10
9
13
9
12
7
2
3
6
12
14
5
7
3
9
2
5
10
13
6
9
10
13
9
3
4
11
10
1
14
3
13
4
13
5
2
12
6
3
0
12
12
8
9
9
8
3
8
7
12
3
10
0
1
13
7
3
9
2
2
13
3
13
0
2
2
12
13
3
1
2
14
2
13
5
10
3
5
8
9
13
2
0
4
6
10
2
3
13
10
8
2
14
8
5
6
2
1
1
6
7
12
2
4
1
14
8
13
2
13
3
2
13
3
5
10
9
4
2
14
Bayes
10
2
6
13
11
2
10
3
14
4
2
10
13
0
3
10
10
5
11
8
5
6
13
9
13
5
6
8
5
2
14
1
14
1
9
10
7
13
13
8
13
5
4
0
3
1
1
8
7
13
13
8
6
12
2
8
13
8
5
2
13
4
5
10
0
13
3
14
7
8
12
3
5
13
2
3
5
2
10
9
7
6
14
13
6
8
10
4
0
11
13
9
12
12
8
8
6
1
10
6
3
13
14
5
3
3
10
13
5
1
5
1
5
5
4
10
14
2
6
2
7
1
2
7
6
10
2
6
5
0
7
2
2
7
2
14
9
13
13
1
9
1
7
10
7
3
0
12
2
0
13
0
10
11
5
3
7
3
1
9
6
10
9
13
9
12
7
2
3
6
12
14
5
7
3
9
2
5
10
13
6
9
10
13
9
3
4
11
10
1
14
3
13
4
13
5
2
12
6
3
0
12
12
8
9
9
8
3
8
7
4
3
10
0
1
13
7
3
9
2
2
13
3
13
0
5
2
12
13
3
8
2
14
2
13
5
10
3
5
8
9
13
2
0
4
6
2
2
3
13
10
8
2
14
8
5
6
2
1
1
6
7
11
5
0
1
14
8
13
2
9
3
2
13
3
8
10
9
4
2
8
