7
10
0
14
7
12
9
1
7
3
12
14
9
6
1
12
6
6
12
3
10
11
2
4
9
1
11
7
11
13
7
11
1
13
13
3
9
1
0
5
12
2
0
3
2
9
12
1
5
2
0
14
0
0
6
0
8
12
13
9
1
3
0
8
14
1
1
12
9
14
3
7
1
14
4
6
14
9
1
6
0
9
4
7
2
10
6
7
0
14
2
1
5
8
11
2
4
2
3
14
12
7
0
14
5
12
1
5
13
9
12
5
6
10
12
0
10
6
13
8
4
4
6
2
0
1
4
14
4
14
13
2
1
10
11
6
2
6
13
1
0
0
5
10
9
9
12
6
2
4
7
14
10
12
8
12
3
4
1
13
3
2
8
10
4
8
2
12
2
9
0
9
6
0
3
7
13
12
6
4
4
11
1
7
8
6
8
1
2
6
13
11
3
7
9
2
14
10
3
11
10
6
1
0
12
3
9
10
1
9
0
7
2
5
14
9
11
4
14
0
13
9
3
1
1
3
0
3
4
0
2
7
4
0
9
5
2
1
1
3
