3
10
2
0
13
3
13
12
13
0
14
13
10
3
1
7
3
9
1
0
11
0
2
6
9
6
12
0
13
10
7
4
12
14
14
1
9
0
8
12
10
3
7
13
4
12
14
6
13
9
7
2
11
0
4
6
5
5
0
0
3
6
7
3
2
7
14
0
9
1
14
7
0
10
13
13
10
13
9
6
14
3
0
7
7
6
6
11
1
13
5
12
10
8
2
10
2
10
2
6
7
6
1
8
1
9
10
7
7
12
1
5
9
11
2
0
4
8
2
0
10
1
5
0
6
5
4
0
1
1
13
10
8
8
1
0
9
0
8
7
12
11
10
14
2
7
10
1
7
2
9
13
10
14
12
6
6
1
3
0
9
7
4
6
3
0
1
13
13
4
4
0
7
7
12
9
0
9
0
5
10
0
14
0
10
0
4
14
9
10
2
9
4
9
6
2
0
2
10
1
11
13
9
4
8
14
14
12
0
12
0
12
5
0
3
0
6
2
13
9
6
12
12
9
4
12
12
2
6
10
2
9
9
1
6
10
1
13
9
14
14
12
12
8
4
11
7
6
14
10
6
10
2
9
8
9
3
0
0
1
4
0
1
0
11
9
9
10
13
8
0
7
5
6
0
9
0
0
2
9
2
9
4
8
11
9
3
14
10
3
0
5
9
6
3
1
3
5
14
12
9
2
13
6
2
8
8
14
6
1
6
7
2
2
0
4
1
13
12
1
1
10
6
7
10
1
10
1
10
11
4
0
9
14
14
13
14
0
2
12
5
7
0
1
0
2
9
4
10
9
7
11
7
14
3
10
5
11
4
2
4
4
2
1
12
4
8
10
4
5
1
11
3
4
1
9
6
12
7
14
4
9
7
3
3
12
8
1
13
6
9
14
10
7
14
12
1
1
13
14
8
0
10
9
9
14
0
2
10
7
3
8
13
5
9
0
4
12
14
1
11
7
0
7
10
6
6
12
6
4
3
7
13
12
6
2
4
6
1
13
0
4
10
6
7
13
6
1
0
3
3
4
14
0
2
6
13
12
3
2
3
10
2
2
12
6
2
8
8
2
1
3
2
5
0
11
9
4
9
9
9
9
11
5
7
6
11
3
13
12
3
10
13
4
0
11
14
10
14
1
4
7
0
0
9
9
1
12
2
11
3
9
6
3
4
6
12
1
2
4
6
0
12
5
3
1
13
3
6
9
14
14
9
12
12
12
0
7
10
10
5
6
1
9
6
11
9
9
13
1
5
8
0
2
0
13
0
12
7
13
9
2
7
1
1
1
6
14
8
1
12
8
11
14
12
3
11
10
4
4
3
10
0
0
3
10
12
11
8
13
12
9
13
2
1
0
1
2
0
2
2
9
12
7
6
10
14
1
9
6
11
6
12
2
2
4
7
9
9
1
7
14
6
3
0
13
5
8
6
4
1
5
7
6
14
3
0
0
11
4
0
0
1
2
1
11
0
8
4
13
8
0
3
1
4
6
13
3
1
6
1
2
11
9
14
13
4
14
12
6
11
13
8
3
8
7
5
2
4
11
