SVM
10
11
8
0
11
11
8
8
2
7
8
14
11
3
8
8
1
8
5
8
8
10
10
1
3
8
14
11
2
7
13
11
14
2
11
1
7
14
9
8
7
8
14
5
8
10
10
8
7
2
13
3
8
4
7
1
14
3
14
3
10
14
8
14
7
2
9
10
8
11
8
11
8
1
8
8
2
7
2
2
8
14
2
2
7
5
8
13
2
10
10
8
10
14
5
8
5
3
3
8
10
8
3
13
2
8
6
13
6
7
10
8
2
14
8
8
8
8
2
2
8
14
3
14
8
11
4
8
10
14
2
11
3
5
14
3
2
8
11
3
1
8
6
10
8
7
8
2
13
14
8
8
8
7
8
8
8
8
3
10
5
8
10
3
3
8
10
2
8
2
11
14
4
10
8
7
11
5
5
8
5
10
8
14
13
2
1
7
8
8
2
10
14
8
8
5
1
11
7
10
8
10
9
2
8
8
6
8
2
2
6
8
2
3
4
8
2
7
8
7
2
2
10
10
11
10
11
11
14
8
2
2
2
4
8
10
2
7
5
5
8
5
11
8
8
3
11
8
13
7
7
14
8
11
7
2
2
13
13
14
13
5
5
8
2
3
8
14
14
8
11
2
8
11
10
8
2
8
2
10
11
KNN
10
11
8
0
11
11
9
8
14
7
10
14
12
3
14
10
1
8
5
0
0
10
8
1
3
10
9
11
2
13
13
0
9
2
11
1
7
9
9
14
7
2
14
13
8
10
10
4
13
2
13
3
8
4
7
4
9
3
9
3
10
9
1
9
7
0
9
2
10
12
8
11
5
1
9
5
2
7
2
14
1
14
2
2
7
5
1
13
2
8
10
2
10
14
9
10
5
3
1
1
9
4
3
13
2
10
6
13
6
7
10
14
0
9
10
8
1
8
2
0
8
14
3
14
2
12
4
4
10
9
14
12
3
9
9
3
2
4
11
3
1
0
6
10
8
13
10
2
13
9
4
1
13
7
6
1
2
6
3
10
5
2
10
3
3
1
10
2
0
2
12
14
4
10
4
13
11
5
5
4
5
9
13
9
13
2
1
7
13
5
14
9
9
4
1
5
1
11
13
10
8
10
9
2
8
9
6
4
2
2
7
10
2
3
4
10
14
7
2
7
2
2
10
10
11
10
11
11
9
10
0
2
2
4
9
7
2
7
5
5
1
5
12
4
8
3
11
14
13
13
7
14
8
11
13
2
2
13
13
9
13
5
13
1
14
3
10
9
14
2
11
2
13
12
10
8
2
5
2
10
0
Bayes
10
13
8
2
13
13
14
2
2
7
14
2
13
3
14
2
1
8
13
2
2
10
10
3
3
10
14
13
2
7
13
13
14
2
13
3
7
14
9
14
7
2
14
13
14
10
10
13
7
2
13
3
8
9
7
2
14
3
14
3
10
14
3
9
7
2
9
2
2
13
10
13
2
2
9
2
2
7
2
2
2
14
2
2
7
13
2
13
2
10
14
2
6
14
5
14
13
3
3
3
14
6
3
7
2
2
6
13
6
7
10
14
2
14
10
2
2
8
2
2
14
14
3
14
2
13
9
2
10
2
2
13
3
2
14
3
2
2
11
3
1
2
6
6
8
7
2
2
13
14
13
2
13
7
6
2
2
6
3
2
13
2
2
3
3
10
10
2
2
2
13
14
4
14
2
7
13
13
13
2
13
2
13
14
13
2
3
7
13
2
2
14
14
14
2
2
3
13
13
10
14
10
9
2
8
9
6
13
2
2
7
2
2
3
4
2
2
7
2
7
2
2
10
14
13
10
13
13
14
2
2
2
2
4
10
13
2
7
2
2
2
2
13
2
2
3
13
2
13
13
7
14
2
13
7
2
2
13
13
14
13
5
13
13
2
3
2
14
14
2
13
2
13
13
10
8
2
2
2
6
13
